data = [
    ["UK", 65000, 65, 11.5, 8.4, 2.4, 756, 9, 0.8667, 1.936, 6.2, 0.45, 28.8, 3.85, 0.66, 1.08, 0.42, 7.3333, 1.672, 1.5133, 390, 10.5, 1.8, 6.75, 3.6, 22.5, 0.38, 320, 48.5, 7, 1, 16, 175, 2.5, 210, 220, 65, 48, 4.7222, 6.6667, 59, 18, 6, 1.36, 0.004, 2.5, 1.8, 0.15, 1.13, 1.1695],
    ["USA", 60000, 60, 12, 9.1, 2.6, 774, 10, 0.9333, 2.024, 6.4, 0.5175, 32, 4.0833, 0.9, 1.2, 0.465, 8.5333, 1.824, 1.7133, 410, 11.7, 1.9, 7.5, 4, 23.75, 0.45, 340, 55, 7.5, 1.1, 19, 200, 3, 230, 245, 75, 54, 5.1111, 7.5, 65, 20, 7, 1.52, 0.0035, 3, 2.4, 0.22, 1.13, 1.2486],
    ["Germany", 62000, 62, 11.9, 9.1, 2.6, 756, 10, 0.9333, 2.024, 6.4, 0.5063, 32, 4.025, 0.87, 1.2, 0.465, 8.4, 1.824, 1.7133, 410, 11.7, 1.9, 7.5, 4, 23.75, 0.45, 340, 55, 7.5, 1.1, 19, 200, 3, 230, 245, 75, 54, 5.1111, 7.5, 65, 20, 7, 1.52, 0.004, 2.8, 2.6, 0.08, 1.13, 1.0904],
    ["Saudi Arabia", None, None, 12.5333, 9.6, 2.7714, None, 11, None, 1.584, 7.2, 0.5625, 35.2, 4.2583, 1.08, 1.32, 0.54, 9.0667, 2.014, 1.98, 430, 12.6, 2.1, 8.25, 4.4, 26.25, 0.5, 360, 59, 8, 1.2, 21, 225, 3.5, 250, 265, 82.5, 59, 5.5, 8.3333, 70, 22, 8, 1.68, 0.0055, 3.2, 2.8, 0.18, 1.13, 1.2034],
    ["China", 42000, 42, 10.4, 7.5, 2.0571, 720, 8, 0.4667, 1.188, 4.6, 0.405, 25.6, 3.5583, 0.54, 0.96, 0.36, 6, 1.32, 1.26, 345, 9, 1.4, 6, 3.2, 21, 0.35, 300, 45, 6.5, 0.96, 14, 165, 2.3, 190, 200, 60, 42, 4, 5.8333, 52, 16, 5, 1.2, 0.003, 2, 1.5, 0.27, 1.13, 1.3051],
    ["Australia", 58000, 58, 11.3333, 8.2, 2.4571, None, 9, None, 1.672, 6.8, 0.4838, 30.4, 3.9667, 0.96, 1.14, 0.45, 7.7333, 1.768, 1.62, 395, 11.1, 1.75, 6.75, 3.6, 22.5, 0.42, 330, 52.5, 7.25, 1.04, 17.25, 190, 2.8, 220, 230, 70, 51, 4.7778, 7, 60, 19, 6.6667, 1.44, 0.0035, 2.6, 1.9, 0.12, 1.13, 1.1356],
    ["India", 55000, 55, 10.8, 7.8, 2.2571, 741, 8.5, 0.6, 1.32, 4.8, 0.4275, 27.2, 3.7333, 0.63, 1.02, 0.39, 6.5333, 1.406, 1.3533, 355, 9.6, 1.5, 6.25, 3.4, 21.5, 0.38, 310, 47.5, 6.75, 1, 15, 175, 2.5, 200, 210, 65, 45, 4.3333, 6.3333, 55, 17, 5.6667, 1.28, 0.006, 2.4, 1.7, 0, 1.13, 1.0],
    ["Brazil", 59000, 59, 12.2667, 9.3, 2.6571, None, 10.3333, None, 1.496, 6.6, 0.495, 32, 4.1417, 1.02, 1.26, 0.495, 8.1333, 1.896, 1.8, 415, 12, 1.95, 7.5, 4, 24, 0.46, 350, 57.5, 7.75, 1.16, 19.5, 210, 3.2, 240, 250, 77.5, 55, 5.2222, 7.8333, 67.5, 21, 7.3333, 1.56, 0.0065, 3, 2.5, 0.35, 1.13, 1.3955],
    ["Kazakhstan", 60000, 60, 12.4, 9.4, 2.7429, None, 10.6667, None, 1.54, 7, 0.5063, 33.6, 4.1917, 1.05, 1.29, 0.5025, 8.5333, 1.938, 1.8733, 425, 12.6, 2, 7.75, 4.1, 24.5, 0.49, 355, 59, 7.875, 1.18, 20.25, 217.5, 3.3, 245, 255, 80, 57.5, 5.3889, 8.1667, 68.75, 22, 7.6667, 1.6, 0.0075, 3.1, 2.6, 0.3, 1.13, 1.339],
    ["Canada", 61000, 61, 11.6, 8.6, 2.5143, None, 9.6667, None, 1.76, 6, 0.4613, 30.4, 3.9083, 0.84, 1.14, 0.435, 7.6, 1.748, 1.66, 390, 10.8, 1.75, 6.5, 3.45, 23, 0.42, 330, 54, 7.375, 1.06, 18, 195, 2.8, 220, 230, 72.5, 52, 4.8889, 7.3333, 62.5, 19.5, 6.6667, 1.44, 0.003, 2.7, 2, 0.14, 1.13, 1.1582]
]


countries = [
    "UK", "USA", "Germany", "Saudi Arabia", "China", "Australia", "India", "Brazil",
    "Kazakhstan", "Canada", "Chile", "Peru", "Mexico", "Indonesia", "Japan", "South Korea"
]

ztariff_matrix_import = [[0 for _ in countries] for _ in countries]

tariff_matrix_cleaned = [
    [20, 0, 19, 20.75, 13, 10, 26.85, 33.38, 17.60, 5.00, 26.14, 18.00, 16.00, 11.00, 10.00, 10.00],
    [20, 0, 19, 20.75, 13, 10, 26.85, 33.38, 17.60, 5.00, 26.14, 18.00, 16.00, 11.00, 10.00, 10.00],
    [20, 0, 19, 20.75, 13, 10, 26.85, 33.38, 17.60, 5.00, 26.14, 18.00, 16.00, 11.00, 10.00, 10.00],
    [20, 0, 19, 20.75, 13, 10, 26.85, 33.38, 17.60, 5.00, 26.14, 18.00, 16.00, 11.00, 10.00, 10.00],
    [20, 0, 19, 20.75, 13, 10, 26.85, 33.38, 17.60, 5.00, 26.14, 18.00, 16.00, 11.00, 10.00, 10.00],
    [20, 0, 19, 20.75, 13, 10, 26.85, 33.38, 17.60, 5.00, 26.14, 18.00, 16.00, 11.00, 10.00, 10.00],
    [20, 0, 19, 20.75, 13, 10, 18.00, 33.38, 17.60, 5.00, 26.14, 18.00, 16.00, 11.00, 10.00, 10.00],
    [20, 0, 19, 20.75, 13, 10, 26.85, 17.00, 17.60, 5.00, 26.14, 18.00, 16.00, 11.00, 10.00, 10.00],
    [20, 0, 19, 20.75, 13, 10, 26.85, 33.38, 12.00, 5.00, 26.14, 18.00, 16.00, 11.00, 10.00, 10.00],
    [20, 0, 19, 20.75, 13, 10, 26.85, 33.38, 17.60, 5.00, 26.14, 18.00, 16.00, 11.00, 10.00, 10.00],
    [20, 0, 19, 20.75, 13, 10, 26.85, 33.38, 17.60, 5.00, 19.00, 18.00, 16.00, 11.00, 10.00, 10.00],
    [20, 0, 19, 20.75, 13, 10, 26.85, 33.38, 17.60, 5.00, 26.14, 18.00, 16.00, 11.00, 10.00, 10.00],
    [20, 0, 19, 20.75, 13, 10, 26.85, 33.38, 17.60, 5.00, 26.14, 18.00, 16.00, 11.00, 10.00, 10.00],
    [20, 0, 19, 20.75, 13, 10, 26.85, 33.38, 17.60, 5.00, 26.14, 18.00, 16.00, 11.00, 10.00, 10.00],
    [20, 0, 19, 20.75, 13, 10, 26.85, 33.38, 17.60, 5.00, 26.14, 18.00, 16.00, 11.00, 10.00, 10.00],
    [20, 0, 19, 20.75, 13, 10, 26.85, 33.38, 17.60, 5.00, 26.14, 18.00, 16.00, 11.00, 10.00, 10.00]
]


air_distance_matrix = [
    [0, 6900, 650, 5000, 9200, 17000, 7900, 9400, 5600, 5700, 11600, 10300, 8800, 11700, 9600, 8900],
    [6900, 0, 7300, 11200, 11600, 14500, 13400, 7800, 11100, 1300, 8200, 5900, 1800, 15600, 10600, 10700],
    [650, 7300, 0, 4400, 8700, 16200, 7200, 9900, 4500, 6400, 12000, 10800, 9400, 11300, 9200, 8600],
    [5000, 11200, 4400, 0, 7300, 12200, 4300, 12000, 3500, 11300, 14000, 13300, 14000, 8100, 8500, 7700],
    [9200, 11600, 8700, 7300, 0, 8000, 2300, 17800, 4300, 10200, 19100, 18000, 14300, 4500, 1800, 850],
    [17000, 14500, 16200, 12200, 8000, 0, 7900, 13400, 10600, 15500, 11200, 12600, 13200, 5500, 7100, 8100],
    [7900, 13400, 7200, 4300, 2300, 7900, 0, 15400, 2600, 12300, 17000, 17000, 14500, 2300, 5300, 4200],
    [9400, 7800, 9900, 12000, 17800, 13400, 15400, 0, 15000, 8100, 2600, 3100, 7600, 16200, 18600, 18200],
    [5600, 11100, 4500, 3500, 4300, 10600, 2600, 15000, 0, 10000, 17200, 17100, 14100, 5200, 5700, 5100],
    [5700, 1300, 6400, 11300, 10200, 15500, 12300, 8100, 10000, 0, 9500, 7000, 3600, 14700, 10100, 10000],
    [11600, 8200, 12000, 14000, 19100, 11200, 17000, 2600, 17200, 9500, 0, 2500, 6700, 16300, 18300, 18600],
    [10300, 5900, 10800, 13300, 18000, 12600, 17000, 3100, 17100, 7000, 2500, 0, 5200, 16400, 17600, 18000],
    [8800, 1800, 9400, 14000, 14300, 13200, 14500, 7600, 14100, 3600, 6700, 5200, 0, 16600, 12200, 12600],
    [11700, 15600, 11300, 8100, 4500, 5500, 2300, 16200, 5200, 14700, 16300, 16400, 16600, 0, 5900, 4500],
    [9600, 10600, 9200, 8500, 1800, 7100, 5300, 18600, 5700, 10100, 18300, 17600, 12200, 5900, 0, 1200],
    [8900, 10700, 8600, 7700, 850, 8100, 4200, 18200, 5100, 10000, 18600, 18000, 12600, 4500, 1200, 0]
]


sea_distance_matrix = [
    [0, 5900, 850, 6200, 19000, 23000, 16100, 9600, 7900, 17200, 12900, 13300, 13600, 17500, 20000, 19600],
    [5900, 0, 6400, 11600, 20200, 24000, 21300, 7400, 13600, 8300, 9200, 7700, 4600, 20600, 22000, 21400],
    [850, 6400, 0, 5600, 18400, 22500, 15400, 10300, 7400, 17000, 13600, 14000, 13900, 17200, 19400, 19000],
    [6200, 11600, 5600, 0, 12600, 17500, 5700, 14400, 4000, 19800, 17200, 16800, 17600, 10700, 13000, 12700],
    [19000, 20200, 18400, 12600, 0, 7000, 5600, 23800, 9200, 9600, 18700, 18400, 17000, 3100, 1900, 1600],
    [23000, 24000, 22500, 17500, 7000, 0, 8300, 19000, 13700, 13600, 11100, 13100, 14900, 5500, 7300, 8000],
    [16100, 21300, 15400, 5700, 5600, 8300, 0, 21800, None, 18900, 20700, 20400, 20400, 3150, 6480, 6110],
    [9600, 7400, 10300, 14400, 23800, 19000, 21800, 0, 17300, 15800, 3400, 4400, 6200, 23500, 24800, 24500],
    [7900, 13600, 7400, 4000, 9200, 13700, None, 17300, 0, 15300, 18900, 18600, 17600, 10200, 11600, 11100],
    [17200, 8300, 17000, 19800, 9600, 13600, 18900, 15800, 15300, 0, 14000, 13800, 8200, 14300, 11400, 11600],
    [12900, 9200, 13600, 17200, 18700, 11100, 20700, 3400, 18900, 14000, 0, 1500, 6300, 17800, 19800, 19500],
    [13300, 7700, 14000, 16800, 18400, 13100, 20400, 4400, 18600, 13800, 1500, 0, 5800, 18300, 19300, 19200],
    [13600, 4600, 13900, 17600, 17000, 14900, 20400, 6200, 17600, 8200, 6300, 5800, 0, 17200, 18400, 18600],
    [17500, 20600, 17200, 10700, 3100, 5500, 3150, 23500, 10200, 14300, 17800, 18300, 17200, 0, 5500, 5200],
    [20000, 22000, 19400, 13000, 1900, 7300, 6480, 24800, 11600, 11400, 19800, 19300, 18400, 5500, 0, 1400],
    [19600, 21400, 19000, 12700, 1600, 8000, 6110, 24500, 11100, 11600, 19500, 19200, 18600, 5200, 1400, 0]
]


PRik = {
    "UK":           [0.15, 0.23, 0.3, 0.4, 0.45, 0.27, 0.1, 0.18, 0.24, 0.12, 0.08, 0.65, 0.5],
    "USA":          [0.15, 0.23, 0.3, 0.4, 0.45, 0.27, 0.1, 0.18, 0.2,  0.12, 0.08, 0.65, 0.5],
    "Germany":      [0.15, 0.23, 0.3, 0.4, 0.45, 0.27, 0.1, 0.18, 0.24, 0.12, 0.08, 0.65, 0.5],
    "Saudi Arabia": [0.15, 0.23, 0.3, 0.4, 0.54, 0.27, 0.1, 0.18, 0.2,  0.14, 0.08, 0.78, 0.60],
    "China":        [0.15, 0.23, 0.3, 0.4, 0.45, 0.27, 0.1, 0.18, 0.2,  0.12, 0.08, 0.65, 0.60],
    "Australia":    [0.15, 0.23, 0.3, 0.4, 0.45, 0.27, 0.1, 0.18, 0.24, 0.12, 0.08, 0.65, 0.5],
    "India":        [0.15, 0.23, 0.3, 0.4, 0.54, 0.27, 0.1, 0.18, 0.24, 0.14, 0.08, 0.78, 0.60],
    "Brazil":       [0.15, 0.23, 0.3, 0.4, 0.54, 0.27, 0.1, 0.18, 0.24, 0.12, 0.08, 0.78, 0.60],
    "Kazakhstan":   [0.15, 0.23, 0.3, 0.4, 0.54, 0.27, 0.1, 0.18, 0.24, 0.14, 0.08, 0.78, 0.60],
    "Canada":       [0.15, 0.23, 0.3, 0.4, 0.45, 0.27, 0.1, 0.18, 0.24, 0.12, 0.08, 0.65, 0.5],
    "Chile":        [0.15, 0.23, 0.3, 0.4, 0.54, 0.27, 0.1, 0.18, 0.24, 0.14, 0.08, 0.78, 0.60],
    "Peru":         [0.15, 0.23, 0.3, 0.4, 0.54, 0.27, 0.1, 0.18, 0.24, 0.14, 0.08, 0.78, 0.60],
    "Mexico":       [0.15, 0.23, 0.3, 0.4, 0.54, 0.27, 0.1, 0.18, 0.24, 0.14, 0.08, 0.78, 0.60],
    "Indonesia":    [0.15, 0.23, 0.3, 0.4, 0.54, 0.27, 0.1, 0.18, 0.24, 0.14, 0.08, 0.78, 0.60],
    "Japan":        [0.15, 0.23, 0.3, 0.4, 0.45, 0.27, 0.1, 0.18, 0.24, 0.12, 0.08, 0.65, 0.5],
    "South Korea":  [0.15, 0.23, 0.3, 0.4, 0.45, 0.27, 0.1, 0.18, 0.24, 0.12, 0.08, 0.65, 0.5],
}

materials = [
    "Fiberboard Boxes", "Plastic Drums", "Steel Drums", "Wooden Crates", "Vacuum-Sealed Foil Bags",
    "Anti-Static Bags", "Polyethylene Bags", "Bubble/Foam Wrap", "IBC Totes", "Cardboard Tubes",
    "Shrink-Wrapped Pallets", "Cushioned Metal Boxes", "Thermal Insulated Boxes"
]

availability_data = [
    [1,1,1,1,1,1,1,1,0,1,1,1,1],
    [1,1,1,1,1,1,1,1,1,1,1,1,1],
    [1,1,1,1,1,1,1,1,0,1,1,1,1],
    [1,1,1,1,0,1,1,1,1,0,1,0,0],
    [1,1,1,1,1,1,1,1,1,1,1,1,0],
    [1,1,1,1,1,1,1,1,0,1,1,1,1],
    [1,1,1,1,0,1,1,1,0,0,1,0,0],
    [1,1,1,1,0,1,1,1,0,1,1,0,0],
    [1,1,1,1,0,1,1,1,0,0,1,0,0],
    [1,1,1,1,1,1,1,1,0,1,1,1,1],
    [1,1,1,1,0,1,1,1,0,0,1,0,0],
    [1,1,1,1,0,1,1,1,0,0,1,0,0],
    [1,1,1,1,0,1,1,1,0,0,1,0,0],
    [1,1,1,1,0,1,1,1,0,0,1,0,0],
    [1,1,1,1,1,1,1,1,0,1,1,1,1],
    [1,1,1,1,1,1,1,1,0,1,1,1,1],
]

material_transport_availability = {
    "Magnets": {"Air": True, "Sea": True},
    "Liquid Helium": {"Air": True, "Sea": False},
    "Copper": {"Air": False, "Sea": True},
    "Aluminum": {"Air": False, "Sea": True},
    "Niobium": {"Air": True, "Sea": True},
    "Stainless Steel": {"Air": False, "Sea": True},
    "Rare Earth Metals": {"Air": False, "Sea": True},
    "Circuit Boards": {"Air": True, "Sea": False}
}

material_transport_cost = {
    "Magnets": {"Air": 0.0035, "Sea": 0.00000155},
    "Liquid Helium": {"Air": 0.0035, "Sea": None},
    "Copper": {"Air": None, "Sea": 0.00000155},
    "Aluminum": {"Air": None, "Sea": 0.00000155},
    "Niobium": {"Air": 0.0035, "Sea": 0.00000155},
    "Stainless Steel": {"Air": None, "Sea": 0.00000155},
    "Rare Earth Metals": {"Air": None, "Sea": 0.00000155},
    "Circuit Boards": {"Air": 0.0035, "Sea": None}
}

labor_cost = {
    "UK": {"Norm Hrs": 8, "Unskilled W": 12.2, "Unskilled OT": 18.3, "Semi-Skilled W": 15, "Semi-Skilled OT": 22.5,
           "Skilled W": 22.5, "Skilled OT": 33.8, "Highly Skilled W": 40, "Highly Skilled OT": 60},
    "USA": {"Norm Hrs": 8, "Unskilled W": 10.5, "Unskilled OT": 15.8, "Semi-Skilled W": 15, "Semi-Skilled OT": 22.5,
            "Skilled W": 22.5, "Skilled OT": 33.8, "Highly Skilled W": 40, "Highly Skilled OT": 60},
    "Germany": {"Norm Hrs": 8, "Unskilled W": 12.8, "Unskilled OT": 19.2, "Semi-Skilled W": 17, "Semi-Skilled OT": 25.5,
                "Skilled W": 26, "Skilled OT": 39, "Highly Skilled W": 45, "Highly Skilled OT": 67.5},
    "Saudi Arabia": {"Norm Hrs": 8, "Unskilled W": 4.5, "Unskilled OT": 6.8, "Semi-Skilled W": 6.5, "Semi-Skilled OT": 9.8,
                     "Skilled W": 11, "Skilled OT": 16.5, "Highly Skilled W": 21.5, "Highly Skilled OT": 32.3},
    "China": {"Norm Hrs": 8, "Unskilled W": 3, "Unskilled OT": 4.5, "Semi-Skilled W": 5, "Semi-Skilled OT": 7.5,
              "Skilled W": 10, "Skilled OT": 15, "Highly Skilled W": 17.5, "Highly Skilled OT": 26.3},
    "Australia": {"Norm Hrs": 8, "Unskilled W": 15, "Unskilled OT": 22.5, "Semi-Skilled W": 19, "Semi-Skilled OT": 28.5,
                  "Skilled W": 26, "Skilled OT": 39, "Highly Skilled W": 40, "Highly Skilled OT": 60},
    "India": {"Norm Hrs": 9, "Unskilled W": 0.8, "Unskilled OT": 1.2, "Semi-Skilled W": 1.75, "Semi-Skilled OT": 2.63,
              "Skilled W": 4.25, "Skilled OT": 6.38, "Highly Skilled W": 10, "Highly Skilled OT": 15},
    "Brazil": {"Norm Hrs": 8, "Unskilled W": 2.5, "Unskilled OT": 3.8, "Semi-Skilled W": 4.25, "Semi-Skilled OT": 6.38,
               "Skilled W": 7, "Skilled OT": 10.5, "Highly Skilled W": 13.5, "Highly Skilled OT": 20.3},
    "Kazakhstan": {"Norm Hrs": 8, "Unskilled W": 1.5, "Unskilled OT": 2.3, "Semi-Skilled W": 3, "Semi-Skilled OT": 4.5,
                   "Skilled W": 5, "Skilled OT": 7.5, "Highly Skilled W": 10, "Highly Skilled OT": 15},
    "Canada": {"Norm Hrs": 8, "Unskilled W": 14, "Unskilled OT": 21, "Semi-Skilled W": 18, "Semi-Skilled OT": 27,
               "Skilled W": 24, "Skilled OT": 36, "Highly Skilled W": 40, "Highly Skilled OT": 60},
    "Chile": {"Norm Hrs": 9, "Unskilled W": 4, "Unskilled OT": 6, "Semi-Skilled W": 5.5, "Semi-Skilled OT": 8.25,
              "Skilled W": 9, "Skilled OT": 13.5, "Highly Skilled W": 13.5, "Highly Skilled OT": 20.3},
    "Peru": {"Norm Hrs": 8, "Unskilled W": 2.5, "Unskilled OT": 3.8, "Semi-Skilled W": 3.5, "Semi-Skilled OT": 5.3,
             "Skilled W": 6, "Skilled OT": 9, "Highly Skilled W": 10, "Highly Skilled OT": 15},
    "Mexico": {"Norm Hrs": 8, "Unskilled W": 4, "Unskilled OT": 6, "Semi-Skilled W": 5, "Semi-Skilled OT": 7.5,
               "Skilled W": 8.5, "Skilled OT": 12.8, "Highly Skilled W": 14, "Highly Skilled OT": 21},
    "Indonesia": {"Norm Hrs": 8, "Unskilled W": 1.5, "Unskilled OT": 2.3, "Semi-Skilled W": 2, "Semi-Skilled OT": 3,
                  "Skilled W": 4, "Skilled OT": 6, "Highly Skilled W": 8, "Highly Skilled OT": 12},
    "Japan": {"Norm Hrs": 8, "Unskilled W": 10, "Unskilled OT": 15, "Semi-Skilled W": 12, "Semi-Skilled OT": 18,
              "Skilled W": 16.5, "Skilled OT": 24.8, "Highly Skilled W": 30, "Highly Skilled OT": 45},
    "South Korea": {"Norm Hrs": 8, "Unskilled W": 7.2, "Unskilled OT": 10.8, "Semi-Skilled W": 9, "Semi-Skilled OT": 13.5,
                    "Skilled W": 13.5, "Skilled OT": 20.3, "Highly Skilled W": 25, "Highly Skilled OT": 37.5}
}

labor_distribution_data = {
    "Component": [
        "Shim Coils", "RF Coils", "Gradient Coil", "Patient Table", "PDU", "Gradient Amplifier", "RF Amplifier",
        "RF Receiver Assembly", "Image Reconstruction Computer", "Peripheral Devices", "MRI Safety System",
        "RF Shielding", "Superconducting Magnet System", "Cryogenic Cooling System", "System Integration & Testing"
    ],
    "Total Hours": [46, 115, 150, 69, 29, 46, 35, 40, 29, 23, 29, 230, 575, 138, 446],
    "Unskilled (%)": [5, 5, 5, 10, 15, 5, 5, 5, 5, 15, 10, 30, 5, 5, 5],
    "Unskilled Hours": [2.3, 5.8, 7.5, 6.9, 4.4, 2.3, 1.8, 2, 1.4, 3.4, 2.9, 69, 28.8, 6.9, 22.3],
    "Semi-skilled (%)": [10, 10, 15, 30, 40, 10, 15, 10, 10, 40, 30, 30, 10, 15, 10],
    "Semi-skilled Hours": [4.6, 11.5, 22.5, 20.7, 11.6, 4.6, 5.2, 4, 2.9, 9.2, 8.7, 69, 57.5, 20.7, 44.6],
    "Skilled (%)": [60, 60, 60, 50, 35, 60, 60, 60, 60, 40, 50, 30, 40, 60, 60],
    "Skilled Hours": [27.6, 69, 90, 34.5, 10.2, 27.6, 21, 24, 17.4, 9.2, 14.5, 69, 230, 82.8, 267.6],
    "Highly Skilled (%)": [25, 25, 20, 10, 10, 25, 20, 25, 25, 5, 10, 10, 45, 20, 25],
    "Highly Skilled Hours": [11.5, 28.8, 30, 6.9, 2.9, 11.5, 7, 10, 7.2, 1.2, 2.9, 23, 258.8, 27.6, 111.5]
}


