# === Insurance multipliers ===
Ki = [
    0.0040, 0.0035, 0.0040, 0.0055, 0.0030, 0.0035, 0.0060, 0.0065, 0.0075,
    0.0030, 0.0055, 0.0065, 0.0040, 0.0065, 0.0030, 0.0040
]

# === Setup overhead multipliers ===
Li = [
    2.5, 3.0, 2.8, 3.2, 2.0, 2.6, 2.4, 3.0, 3.1,
    2.7, 2.5, 2.5, 2.9, 2.3, 3.0, 2.8
]

# === Internal logistics + Labour multipliers ===
Si = [
    1.8, 2.4, 2.6, 2.8, 1.5, 1.9, 1.7, 2.5, 2.6,
    2.0, 1.8, 1.8, 2.3, 1.6, 2.5, 2.2
]

# === Uplift overhead multipliers ===
Zi = [
    1.1695, 1.2486, 1.0904, 1.2034, 1.3051, 1.1356, 1.0000, 1.3955,
    1.3390, 1.1582, 1.2938, 1.2260, 1.2712, 1.1808, 1.0678
]


Tr = [
    [0.0, 6.9, 0.65, 5.0, 9.2, 17.0, 7.9, 9.4, 5.6, 5.7, 11.6, 10.3, 8.8, 11.7, 9.6, 8.9],
    [6.9, 0.0, 7.3, 11.2, 11.6, 14.5, 13.4, 7.8, 11.1, 1.3, 8.2, 5.9, 1.8, 15.6, 10.6, 10.7],
    [0.65, 7.3, 0.0, 4.4, 8.7, 16.2, 7.2, 9.9, 4.5, 6.4, 12.0, 10.8, 9.4, 11.3, 9.2, 8.6],
    [5.0, 11.2, 4.4, 0.0, 7.3, 12.2, 4.3, 12.0, 3.5, 11.3, 14.0, 13.3, 14.0, 8.1, 8.5, 7.7],
    [9.2, 11.6, 8.7, 7.3, 0.0, 8.0, 2.3, 17.8, 4.3, 10.2, 19.1, 18.0, 14.3, 4.5, 1.8, 0.85],
    [17.0, 14.5, 16.2, 12.2, 8.0, 0.0, 7.9, 13.4, 10.6, 15.5, 11.2, 12.6, 13.2, 5.5, 7.1, 8.1],
    [7.9, 13.4, 7.2, 4.3, 2.3, 7.9, 0.0, 15.4, 2.6, 12.3, 17.0, 17.0, 14.5, 2.3, 5.3, 4.2],
    [9.4, 7.8, 9.9, 12.0, 17.8, 13.4, 15.4, 0.0, 15.0, 8.1, 2.6, 3.1, 7.6, 16.2, 18.6, 18.2],
    [5.6, 11.1, 4.5, 3.5, 4.3, 10.6, 2.6, 15.0, 0.0, 10.0, 17.2, 17.1, 14.1, 5.2, 5.7, 5.1],
    [5.7, 1.3, 6.4, 11.3, 10.2, 15.5, 12.3, 8.1, 10.0, 0.0, 9.5, 7.0, 3.6, 14.7, 10.1, 10.0],
    [11.6, 8.2, 12.0, 14.0, 19.1, 11.2, 17.0, 2.6, 17.2, 9.5, 0.0, 2.5, 6.7, 16.3, 18.3, 18.6],
    [10.3, 5.9, 10.8, 13.3, 18.0, 12.6, 17.0, 3.1, 17.1, 7.0, 2.5, 0.0, 5.2, 16.4, 17.6, 18.0],
    [8.8, 1.8, 9.4, 14.0, 14.3, 13.2, 14.5, 7.6, 14.1, 3.6, 6.7, 5.2, 0.0, 16.6, 12.2, 12.6],
    [11.7, 15.6, 11.3, 8.1, 4.5, 5.5, 2.3, 16.2, 5.2, 14.7, 16.3, 16.4, 16.6, 0.0, 5.9, 4.5],
    [9.6, 10.6, 9.2, 8.5, 1.8, 7.1, 5.3, 18.6, 5.7, 10.1, 18.3, 17.6, 12.2, 5.9, 0.0, 1.2],
    [8.9, 10.7, 8.6, 7.7, 0.85, 8.1, 4.2, 18.2, 5.1, 10.0, 18.6, 18.0, 12.6, 4.5, 1.2, 0.0]
]


Trs = [
    [0.0, 0.177, 0.0255, 0.186, 0.57, 0.69, 0.483, 0.288, 0.237, 0.516, 0.387, 0.399, 0.408, 0.525, 0.6, 0.588],
    [0.177, 0.0, 0.192, 0.348, 0.606, 0.72, 0.639, 0.222, 0.408, 0.249, 0.276, 0.231, 0.138, 0.618, 0.66, 0.642],
    [0.0255, 0.192, 0.0, 0.168, 0.552, 0.675, 0.462, 0.309, 0.222, 0.51, 0.408, 0.42, 0.417, 0.516, 0.582, 0.57],
    [0.186, 0.348, 0.168, 0.0, 0.378, 0.525, 0.171, 0.432, 0.12, 0.594, 0.516, 0.504, 0.528, 0.321, 0.39, 0.381],
    [0.57, 0.606, 0.552, 0.378, 0.0, 0.21, 0.168, 0.714, 0.276, 0.288, 0.561, 0.552, 0.51, 0.093, 0.057, 0.048],
    [0.69, 0.72, 0.675, 0.525, 0.21, 0.0, 0.249, 0.57, 0.411, 0.408, 0.333, 0.393, 0.447, 0.165, 0.219, 0.24],
    [0.483, 0.639, 0.462, 0.171, 0.168, 0.249, 0.0, 0.654, 0.0, 0.567, 0.621, 0.612, 0.612, 0.0945, 0.1944, 0.1833],
    [0.288, 0.222, 0.309, 0.432, 0.714, 0.57, 0.654, 0.0, 0.519, 0.474, 0.102, 0.132, 0.186, 0.705, 0.744, 0.735],
    [0.237, 0.408, 0.222, 0.12, 0.276, 0.411, 0.0, 0.519, 0.0, 0.459, 0.567, 0.558, 0.528, 0.306, 0.348, 0.333],
    [0.516, 0.249, 0.51, 0.594, 0.288, 0.408, 0.567, 0.474, 0.459, 0.0, 0.42, 0.414, 0.246, 0.429, 0.342, 0.348],
    [0.387, 0.276, 0.408, 0.516, 0.561, 0.333, 0.621, 0.102, 0.567, 0.42, 0.0, 0.045, 0.189, 0.534, 0.594, 0.585],
    [0.399, 0.231, 0.42, 0.504, 0.552, 0.393, 0.612, 0.132, 0.558, 0.414, 0.045, 0.0, 0.174, 0.549, 0.579, 0.576],
    [0.408, 0.138, 0.417, 0.528, 0.51, 0.447, 0.612, 0.186, 0.528, 0.246, 0.189, 0.174, 0.0, 0.516, 0.552, 0.558],
    [0.525, 0.618, 0.516, 0.321, 0.093, 0.165, 0.0945, 0.705, 0.306, 0.429, 0.534, 0.549, 0.516, 0.0, 0.165, 0.156],
    [0.6, 0.66, 0.582, 0.39, 0.057, 0.219, 0.1944, 0.744, 0.348, 0.342, 0.594, 0.579, 0.552, 0.165, 0.0, 0.042],
    [0.588, 0.642, 0.57, 0.381, 0.048, 0.24, 0.1833, 0.735, 0.333, 0.348, 0.585, 0.576, 0.558, 0.156, 0.042, 0.0]
]


D_labour=30
D_assem=30
M_qty=10
M_day=500
M_people=100



Jir = [
    [11.5, 8.4, 2.4, 756, 9, 0.8667, 1.936, 6.2, 0.45, 28.8, 3.85, 0.66, 1.08, 0.42, 7.3333, 1.672, 1.5133, 390, 10.5, 1.8, 6.75, 3.6, 22.5, 0.38, 320, 48.5, 7, 1, 16, 175, 2.5, 210, 220, 65, 48, 4.7222, 6.6667, 59, 18, 6, 1.36],
    [12.0, 9.1, 2.6, 774, 10, 0.9333, 2.024, 6.4, 0.5175, 32, 4.0833, 0.9, 1.2, 0.465, 8.5333, 1.824, 1.7133, 410, 11.7, 1.9, 7.5, 4, 23.75, 0.45, 340, 55, 7.5, 1.1, 19, 200, 3, 230, 245, 75, 54, 5.1111, 7.5, 65, 20, 7, 1.52],
    [11.9, 9.1, 2.6, 756, 10, 0.9333, 2.024, 6.4, 0.5063, 32, 4.025, 0.87, 1.2, 0.465, 8.4, 1.824, 1.7133, 410, 11.7, 1.9, 7.5, 4, 23.75, 0.45, 340, 55, 7.5, 1.1, 19, 200, 3, 230, 245, 75, 54, 5.1111, 7.5, 65, 20, 7, 1.52],
    [12.5333, 9.6, 2.7714, float('inf'), 11, float('inf'), 1.584, 7.2, 0.5625, 35.2, 4.2583, 1.08, 1.32, 0.54, 9.0667, 2.014, 1.98, 430, 12.6, 2.1, 8.25, 4.4, 26.25, 0.5, 360, 59, 8, 1.2, 21, 225, 3.5, 250, 265, 82.5, 59, 5.5, 8.3333, 70, 22, 8, 1.68],
    [10.4, 7.5, 2.0571, 720, 8, 0.4667, 1.188, 4.6, 0.405, 25.6, 3.5583, 0.54, 0.96, 0.36, 6, 1.32, 1.26, 345, 9, 1.4, 6, 3.2, 21, 0.35, 300, 45, 6.5, 0.96, 14, 165, 2.3, 190, 200, 60, 42, 4, 5.8333, 52, 16, 5, 1.2],
    [11.3333, 8.2, 2.4571, float('inf'), 9, float('inf'), 1.672, 6.8, 0.4838, 30.4, 3.9667, 0.96, 1.14, 0.45, 7.7333, 1.768, 1.62, 395, 11.1, 1.75, 6.75, 3.6, 22.5, 0.42, 330, 52.5, 7.25, 1.04, 17.25, 190, 2.8, 220, 230, 70, 51, 4.7778, 7, 60, 19, 6.6667, 1.44],
    [10.8, 7.8, 2.2571, 741, 8.5, 0.6, 1.32, 4.8, 0.4275, 27.2, 3.7333, 0.63, 1.02, 0.39, 6.5333, 1.406, 1.3533, 355, 9.6, 1.5, 6.25, 3.4, 21.5, 0.38, 310, 47.5, 6.75, 1, 15, 175, 2.5, 200, 210, 65, 45, 4.3333, 6.3333, 55, 17, 5.6667, 1.28],
    [12.2667, 9.3, 2.6571, float('inf'), 10.3333, float('inf'), 1.496, 6.6, 0.495, 32, 4.1417, 1.02, 1.26, 0.495, 8.1333, 1.896, 1.8, 415, 12, 1.95, 7.5, 4, 24, 0.46, 350, 57.5, 7.75, 1.16, 19.5, 210, 3.2, 240, 250, 77.5, 55, 5.2222, 7.8333, 67.5, 21, 7.3333, 1.56],
    [12.4, 9.4, 2.7429, float('inf'), 10.6667, float('inf'), 1.54, 7, 0.5063, 33.6, 4.1917, 1.05, 1.29, 0.5025, 8.5333, 1.938, 1.8733, 425, 12.6, 2, 7.75, 4.1, 24.5, 0.49, 355, 59, 7.875, 1.18, 20.25, 217.5, 3.3, 245, 255, 80, 57.5, 5.3889, 8.1667, 68.75, 22, 7.6667, 1.6],
    [11.6, 8.6, 2.5143, float('inf'), 9.6667, float('inf'), 1.76, 6, 0.4613, 30.4, 3.9083, 0.84, 1.14, 0.435, 7.6, 1.748, 1.66, 390, 10.8, 1.75, 6.5, 3.45, 23, 0.42, 330, 54, 7.375, 1.06, 18, 195, 2.8, 220, 230, 72.5, 52, 4.8889, 7.3333, 62.5, 19.5, 6.6667, 1.44],
    [11.2667, 8.2, 2.4, float('inf'), 9.1667, float('inf'), 1.628, 5.8, 0.4388, 28.8, 3.7917, 0.78, 1.08, 0.405, 7.0667, 1.634, 1.5467, 370, 10.2, 1.65, 6.1, 3.225, 22, 0.39, 320, 51, 7, 1.02, 17, 180, 2.7, 215, 225, 70, 49, 4.5556, 7, 60, 18.5, 6.3333, 1.36],
    [11.2667, 8.2, 2.4, float('inf'), 9.1667, float('inf'), 1.628, 5.8, 0.4388, 28.8, 3.7917, 0.78, 1.08, 0.405, 7.0667, 1.634, 1.5467, 370, 10.2, 1.65, 6.1, 3.225, 22, 0.39, 320, 51, 7, 1.02, 17, 180, 2.7, 215, 225, 70, 49, 4.5556, 7, 60, 18.5, 6.3333, 1.36],
    [11.8667, 9.1, 2.6, float('inf'), 10, float('inf'), 1.672, 6.3, 0.4725, 30.4, 3.9667, 0.9, 1.14, 0.45, 7.7333, 1.768, 1.62, 395, 11.1, 1.75, 6.75, 3.6, 22.5, 0.43, 340, 55, 7.5, 1.1, 19, 200, 3, 230, 245, 75, 54, 5.1111, 7.5, 65, 20, 7, 1.52],
    [10.9333, 8, 2.2571, float('inf'), 8.6667, float('inf'), 1.232, 5, 0.4163, 28, 3.6417, 0.69, 1.02, 0.375, 6.5333, 1.444, 1.3933, 352.5, 9.9, 1.45, 6, 3.3, 21.25, 0.37, 310, 50, 6.875, 1, 15.5, 170, 2.6, 205, 215, 67.5, 46, 4.3889, 6.5, 56.25, 17.5, 6, 1.28],
    [12.2667, 9.3, 2.6571, float('inf'), 10.3333, float('inf'), 1.936, 6.1, 0.495, 32, 4.0833, 0.96, 1.2, 0.465, 8.1333, 1.896, 1.8, 415, 12, 1.95, 7.5, 4, 24, 0.46, 350, 57.5, 7.75, 1.16, 19.5, 210, 3.2, 240, 250, 77.5, 55, 5.2222, 7.8333, 67.5, 21, 7.3333, 1.56],
    [12.0, 9.0, 2.5714, float('inf'), 10, float('inf'), 1.848, 5.9, 0.4725, 31.2, 4.025, 0.93, 1.17, 0.45, 7.8667, 1.838, 1.7467, 405, 11.4, 1.85, 7.1, 3.85, 23.5, 0.44, 345, 56, 7.5, 1.14, 18.75, 205, 3.1, 235, 245, 75, 53.5, 5.0556, 7.5, 65, 20.5, 7, 1.52]
]


PMim = [
    [12.2, 15, 22.5, 40],
    [10.5, 15, 22.5, 40],
    [12.8, 17, 26, 45],
    [4.5, 6.5, 11, 21.5],
    [3, 5, 10, 17.5],
    [15, 19, 26, 40],
    [0.8, 1.75, 4.25, 10],
    [2.5, 4.25, 7, 13.5],
    [1.5, 3, 5, 10],
    [14, 18, 24, 40],
    [4, 5.5, 9, 13.5],
    [2.5, 3.5, 6, 10],
    [4, 5, 8.5, 14],
    [1.5, 2, 4, 8],
    [10, 12, 16.5, 30],
    [7.2, 9, 13.5, 25]
]
PMOim = [
    [18.3, 22.5, 33.8, 60],
    [15.8, 22.5, 33.8, 60],
    [19.2, 25.5, 39, 67.5],
    [6.8, 9.8, 16.5, 32.3],
    [4.5, 7.5, 15, 26.3],
    [22.5, 28.5, 39, 60],
    [1.2, 2.63, 6.38, 15],
    [3.8, 6.38, 10.5, 20.3],
    [2.3, 4.5, 7.5, 15],
    [21, 27, 36, 60],
    [6, 8.25, 13.5, 20.3],
    [3.8, 5.3, 9, 15],
    [6, 7.5, 12.8, 21],
    [2.3, 3, 6, 12],
    [15, 18, 24.8, 45],
    [10.8, 13.5, 20.3, 37.5]
]
ICim = PMim.copy()
OCim = PMOim.copy()
ALim=PMim.copy()


PRik = [
    [0.15, 0.23, 0.3, 0.4, 0.45, 0.27, 0.1, 0.18, 0.24, 0.12, 0.08, 0.65, 0.5],  # UK
    [0.15, 0.23, 0.3, 0.4, 0.45, 0.27, 0.1, 0.18, 0.2,  0.12, 0.08, 0.65, 0.5],  # USA
    [0.15, 0.23, 0.3, 0.4, 0.45, 0.27, 0.1, 0.18, 0.24, 0.12, 0.08, 0.65, 0.5],  # Germany
    [0.15, 0.23, 0.3, 0.4, 0.54, 0.27, 0.1, 0.18, 0.2,  0.14, 0.08, 0.78, 0.6],  # Saudi Arabia
    [0.15, 0.23, 0.3, 0.4, 0.45, 0.27, 0.1, 0.18, 0.2,  0.12, 0.08, 0.65, 0.6],  # China
    [0.15, 0.23, 0.3, 0.4, 0.45, 0.27, 0.1, 0.18, 0.24, 0.12, 0.08, 0.65, 0.5],  # Australia
    [0.15, 0.23, 0.3, 0.4, 0.54, 0.27, 0.1, 0.18, 0.24, 0.14, 0.08, 0.78, 0.6],  # India
    [0.15, 0.23, 0.3, 0.4, 0.54, 0.27, 0.1, 0.18, 0.24, 0.12, 0.08, 0.78, 0.6],  # Brazil
    [0.15, 0.23, 0.3, 0.4, 0.54, 0.27, 0.1, 0.18, 0.24, 0.14, 0.08, 0.78, 0.6],  # Kazakhstan
    [0.15, 0.23, 0.3, 0.4, 0.45, 0.27, 0.1, 0.18, 0.24, 0.12, 0.08, 0.65, 0.5],  # Canada
    [0.15, 0.23, 0.3, 0.4, 0.54, 0.27, 0.1, 0.18, 0.24, 0.14, 0.08, 0.78, 0.6],  # Chile
    [0.15, 0.23, 0.3, 0.4, 0.54, 0.27, 0.1, 0.18, 0.24, 0.14, 0.08, 0.78, 0.6],  # Peru
    [0.15, 0.23, 0.3, 0.4, 0.54, 0.27, 0.1, 0.18, 0.24, 0.14, 0.08, 0.78, 0.6],  # Mexico
    [0.15, 0.23, 0.3, 0.4, 0.54, 0.27, 0.1, 0.18, 0.24, 0.14, 0.08, 0.78, 0.6],  # Indonesia
    [0.15, 0.23, 0.3, 0.4, 0.45, 0.27, 0.1, 0.18, 0.24, 0.12, 0.08, 0.65, 0.5],  # Japan
    [0.15, 0.23, 0.3, 0.4, 0.45, 0.27, 0.1, 0.18, 0.24, 0.12, 0.08, 0.65, 0.5],  # South Korea
]


ACi = [
    29851,   # UK
    20000,   # USA
    27778,   # Germany
    10638,   # Saudi Arabia
    4878,    # China
    13245,   # Australia
    854,     # India
    7813,    # Brazil
    28,      # Kazakhstan
    15873,   # Canada
    43,      # Chile
    10929,   # Peru
    831,     # Mexico
    4,       # Indonesia
    135,     # Japan
    24096    # South Korea
]


Wi = [
    0.20,     # UK
    0.20,     # USA
    0.20,     # Germany
    0.2075,   # Saudi Arabia
    0.13,     # China
    0.10,     # Australia
    0.2685,   # India
    0.3338,   # Brazil
    0.1760,   # Kazakhstan
    0.0500,   # Canada
    0.2614,   # Chile
    0.1800,   # Peru
    0.1600,   # Mexico
    0.1100,   # Indonesia
    0.1000,   # Japan
    0.1000    # South Korea
]


Vjr = [
    # Components: 1  2   3   4   5   6   7   8   9  10  11  12  13  14  15  16  17  18  19  20  21  22  23  24  25  26  27  28  29  30  31  32  33  34  35  36  37  38  39  40  41  42  43  44  45  46  47
    [2.5, 15, 4, 2, 0, 0, 0, 0, 0, 0, 0, 0, 0, 0, 0, 0, 0, 0, 0, 0, 0, 0, 0, 0, 0, 0, 0, 0, 0, 0, 0, 0, 0, 0, 0, 0, 0, 0, 0, 0, 0, 0, 0, 0, 0, 0, 0],  # Part 1: Shim Coils
    [10, 2, 5, 3, 2, 1, 0.5, 0.2, 0.8, 0, 0, 0, 0, 0, 0, 0, 0, 0, 0, 0, 0, 0, 0, 0, 0, 0, 0, 0, 0, 0, 0, 0, 0, 0, 0, 0, 0, 0, 0, 0, 0, 0, 0, 0, 0],  # Part 2: RF Coils
    [50, 3, 20, 2, 0, 0, 0, 0, 0, 0, 0, 0, 0, 0, 0, 0, 0, 0, 0, 0, 0, 0, 0, 0, 0, 0, 0, 0, 0, 0, 0, 0, 0, 0, 0, 0, 0, 0, 0, 0, 0, 0, 0, 0, 0, 0, 0],  # Part 3: Gradient Coil
    [10, 2, 3, 1, 0, 0, 0, 0, 0, 0, 0, 0, 0, 0, 0, 0, 0, 0, 0, 0, 0, 0, 0, 0, 0, 0, 0, 0, 0, 0, 0, 0, 0, 0, 0, 0, 0, 0, 0, 0, 0, 0, 0, 0, 0, 0, 0],  # Part 4: Patient Table
    [8, 1, 2, 1, 0.5, 2, 1, 2, 0.5, 1, 0.5, 1, 5, 2, 1, 0.3, 1, 2, 0, 0, 0, 0, 0, 0, 0, 0, 0, 0, 0, 0, 0, 0, 0, 0, 0, 0, 0, 0, 0, 0, 0, 0, 0, 0, 0],  # Part 5: Operation Console
    [2, 6, 3, 2, 1, 0.12, 2, 4, 5, 0, 0, 0, 0, 0, 0, 0, 0, 0, 0, 0, 0, 0, 0, 0, 0, 0, 0, 0, 0, 0, 0, 0, 0, 0, 0, 0, 0, 0, 0, 0, 0, 0, 0, 0, 0, 0, 0],  # Part 6: PDU
    [2, 2, 2, 1, 2, 1, 2, 8, 10, 6, 3, 3, 5, 20, 20, 3, 6, 6, 5, 4, 4, 6, 3, 2, 2, 1, 8, 10, 0, 0, 0, 0, 0, 0, 0, 0, 0, 0, 0, 0, 0, 0, 0, 0, 0, 0, 0],  # Part 7: Gradient Amplifier
    [2, 1.5, 1, 1, 1.5, 1, 1, 1, 2, 4, 6, 2, 1.5, 2, 3, 2, 5, 1, 3, 3, 2, 1.5, 2, 0, 0, 0, 0, 0, 0, 0, 0, 0, 0, 0, 0, 0, 0, 0, 0, 0, 0, 0, 0, 0, 0, 0],  # Part 8: RFA
    [2, 2, 1, 4, 3, 2, 1, 1, 4, 5, 1, 1, 2, 2, 8, 10, 4, 3, 3, 1, 2, 1, 2, 0, 0, 0, 0, 0, 0, 0, 0, 0, 0, 0, 0, 0, 0, 0, 0, 0, 0, 0, 0, 0, 0, 0, 0],  # Part 9: RF Receiver Assembly
    [6, 2, 2, 1, 3, 6, 1, 2, 5, 5, 1, 3, 4, 5, 3, 6, 5, 4, 1, 2, 2, 3, 2, 0, 0, 0, 0, 0, 0, 0, 0, 0, 0, 0, 0, 0, 0, 0, 0, 0, 0, 0, 0, 0, 0, 0, 0],  # Part 10: Image Reconstr. Computer
    [2, 1, 1, 1, 2, 3, 0.3, 1, 1, 2, 1, 0.5, 0.5, 0.5, 1, 1, 2, 2, 0, 0, 0, 0, 0, 0, 0, 0, 0, 0, 0, 0, 0, 0, 0, 0, 0, 0, 0, 0, 0, 0, 0, 0, 0, 0, 0],  # Part 11: Peripheral Devices
    [1, 1, 2, 1, 0.5, 1, 1, 3, 1, 2, 0, 0, 0, 0, 0, 0, 0, 0, 0, 0, 0, 0, 0, 0, 0, 0, 0, 0, 0, 0, 0, 0, 0, 0, 0, 0, 0, 0, 0, 0, 0, 0, 0, 0, 0, 0, 0],  # Part 12: MRI Safety System
    [6, 2, 1, 2, 3, 1, 0.5, 3, 3, 5, 2, 1, 3, 2, 3, 5, 3, 4, 1, 2, 3, 2, 1, 0, 0, 0, 0, 0, 0, 0, 0, 0, 0, 0, 0, 0, 0, 0, 0, 0, 0, 0, 0, 0, 0, 0, 0],  # Part 13: RF Shielding
]
